0.0222478994154501
0.0222568025352439
0.0222746123411918
0.0223013359674555
0.0223369841188817
0.0223815710753279
0.0224351146974346
0.0224976364338439
0.0225691613298695
0.022649718037621
0.022739338827587
0.0228380596016828
0.022945919907767
0.023062962955635
0.0231892356344944
0.023324788531933
0.0234696759543838
0.0236239559490996
0.0237876903276445
0.023960944690914
0.024143788455694
0.0243362948827706
0.0245385411066036
0.0247506081665762
0.0249725810398351
0.0252045486757359
0.0254466040319089
0.0256988441119612
0.0259613700048324
0.0262342869258216
0.0265177042593041
0.0268117356031571
0.027116498814914
0.0274321160596701
0.0277587138597588
0.0280964231462237
0.0284453793121087
0.0288057222675911
0.0291775964969829
0.0295611511176277
0.0299565399407197
0.0303639215340732
0.0307834592868741
0.0312153214764403
0.0316596813370271
0.0321167171307067
0.0325866122203581
0.033069555144802
0.0335657396961162
0.0340753649991712