0.0858780794108471
0.0858955083685929
0.0859303699241547
0.0859826713586207
0.0860524235959942
0.0861396412060405
0.0862443424080851
0.0863665490757663
0.0865062867427444
0.086663584609372
0.086838475550328
0.087030996123222
0.0872411865781724
0.0874690908683667
0.0877147566616072
0.0879782353528535
0.0882595820777659
0.0885588557272608
0.0888761189630865
0.0892114382344289
0.0895648837955594
0.0899365297245337
0.0903264539429568
0.0907347382368246
0.0911614682784568
0.091606733649536
0.0920706278652674
0.0925532483996758
0.0930546967120569
0.0935750782746005
0.0941145026012054
0.094673083277504
0.0952509379921197
0.0958481885691771
0.0964649610020891
0.0971013854886432
0.0977575964674153
0.0984337326555331
0.0991299370878201
0.0998463571573474
0.100583144657423
0.101340455825053
0.102118451385899
0.102917296600783
0.103737161313751
0.104578220001761
0.105440651826007
0.106324640684942
0.107230375269029
0.108158049117268