0.263438810910484
0.263498811734805
0.263618830381618
0.263798900858916
0.264039074207827
0.264339418537643
0.264700019072616
0.265120978210617
0.265602415593748
0.266144468191052
0.266747290393446
0.267411054121076
0.268135948943259
0.268922182211252
0.269769979204074
0.270679583287655
0.2716512560876
0.272685277675879
0.273781946771801
0.274941580957631
0.276164516909249
0.277451110642304
0.27880173777429
0.280216793803072
0.281696694402371
0.283241875734782
0.284852794782915
0.286529929699323
0.288273780175865
0.290084867833262
0.291963736631595
0.293910953302562
0.29592710780438
0.298012813800217
0.300168709161174
0.302395456494801
0.304693743700283
0.307064284551431
0.309507819308717
0.312025115361654
0.314616967902895
0.31728420063552
0.320027666515052
0.322848248527842
0.325746860507567
0.328724447991671
0.331781989119712
0.334920495575671
0.338141013576425
0.341444624908707