0.0716141932859196
0.071642985875245
0.0717005827482012
0.071787007298577
0.0719022946300029
0.0720464915714998
0.0722196566982267
0.0724218603574463
0.0726531846997242
0.0729137237153873
0.0732035832762688
0.0735228811827692
0.0738717472162708
0.0742503231969439
0.0746587630469903
0.07509723285937
0.0755659109720665
0.0760649880479463
0.0765946671602757
0.0771551638839614
0.0777467063925868
0.0783695355613218
0.0790239050757885
0.0797100815469696
0.0804283446322551
0.0811789871627257
0.0819623152767793
0.0827786485602129
0.0836283201928782
0.084511677102038
0.0854290801225553
0.086380904164057
0.0873675383852203
0.0883893863753379
0.0894468663433302
0.0905404113143764
0.0916704693343503
0.0928375036822548
0.0940419930908606
0.0952844319757629
0.0965653306730857
0.0978852156860727
0.0992446299408168
0.100644133051394
0.102084301594684
0.103565729395171
0.105089027820035
0.106654826084863
0.108263771570331
0.10991653015021
