0.224583916906375
0.224678281492805
0.224867054125364
0.225150321757884
0.225528214907255
0.226000907757038
0.22656861829596
0.227231608491659
0.227990184500036
0.228844696910741
0.229795541029337
0.230843157196824
0.231988031147261
0.233230694404342
0.234571724717873
0.236011746541181
0.237551431550626
0.239191499208469
0.240932717370468
0.242775902939712
0.244721922568324
0.24677169340877
0.248926183916717
0.251186414707454
0.253553459468118
0.2560284459281
0.25861255689018
0.261307031325163
0.264113165532949
0.267032314373228
0.270065892569182
0.273215376087853
0.276482303601076
0.279868278031178
0.283374968185919
0.287004110487496
0.290757510800766
0.29463704636621
0.298644667843568
0.302782401472488
0.307052351357005
0.31145670188115
0.315997720263522
0.320677759259226
0.32549926001821
0.33046475510967
0.335576871722947
0.340838335056082
0.346251971904059
0.351820714459648