0.0307124925775799
0.0307186465125277
0.0307309556201471
0.0307494223761428
0.0307740504947155
0.0308048449293337
0.030841811873764
0.0308849587633588
0.0309342942766028
0.030989828336918
0.0310515721147278
0.0311195380297818
0.0311937397537393
0.0312741922130159
0.0313609115918904
0.0314539153358754
0.0315532221553507
0.0316588520294625
0.0317708262102866
0.0318891672272599
0.0320138988918791
0.0321450463026689
0.0322826358504206
0.032426695223703
0.0325772534146467
0.0327343407250038
0.0328979887724842
0.0330682304973702
0.0332451001694123
0.0334286333950067
0.0336188671246572
0.0338158396607237
0.0340195906654594
0.0342301611693385
0.0344475935796777
0.0346719316895528
0.034903220687014
0.0351415071646021
0.035386839129168
0.035639266011999
0.0358988386792546
0.0361656094427147
0.0364396320708434
0.0367209618001719
0.037009655347004
0.037305770919447
0.0376093682297722
0.037920508507109
0.0382392545104758
0.0385656705421523