1.05168172988826
1.05042225034534
1.04790368717374
1.04412684406673
1.0390929561315
1.03280372510431
1.02526136585916
1.01646866382503
1.00642904282572
0.995146642752975
0.982626406377777
0.96887417449625
0.953896788496268
0.937702199319617
0.920299581682926
0.901699452310493
0.881913790825068
0.860956161840733
0.838841836707587
0.815587913273669
0.791213431958135
0.765739486374217
0.739189326703903
0.71158845401153
0.682964703693537
0.653348316298902
0.622771994021668
0.59127094126502
0.558882887806731
0.525648093258836
0.491609331709566
0.456811855661502
0.421303338634255
0.385133796079395
0.348355484555545
0.311022779427336
0.273192031677359
0.234921404748629
0.196270692659345
0.157301120944458
0.118075132272311
0.0786561588522075
0.0391083839832828
-0.00050350470940166
-0.0401145676544138
-0.0796598685290732
-0.119074729418226
-0.158294983085422
-0.197257219558416
-0.235899024335102